FileVersion:2
Type:Static
Guid:8BD4B390-4C9B-C3A6-E0A5-6695A7C29500
ParentGuid:00000000-0000-0000-0000-000000000000
Color:(R=0.437257,G=0.000000,B=0.728000,A=1.000000)

